1	0	1	89.53
1	0	3	86.28
1	0	5	158.47
1	0	7	212.29
1	0	9	416.18
1	0	11	313.50
1	0	13	149.64
1	0	15	207.40
1	0	17	149.15
1	0	19	146.64
1	0	21	122.74
1	0	23	201.90
1	1	1	91.30
1	1	3	107.30
1	1	5	171.66
1	1	7	201.11
1	1	9	225.37
1	1	11	212.79
1	1	13	181.01
1	1	15	246.90
1	1	17	273.33
1	1	19	192.16
1	1	21	216.82
1	1	23	197.57
1	2	1	149.13
1	2	3	96.52
1	2	5	272.56
1	2	7	393.78
1	2	9	218.94
1	2	11	349.86
1	2	13	192.98
1	2	15	225.89
1	2	17	153.89
1	2	19	272.47
1	2	21	310.68
1	2	23	199.02
1	3	1	128.24
1	3	3	120.32
1	3	5	153.38
1	3	7	147.42
1	3	9	200.48
1	3	11	225.27
1	3	13	158.77
1	3	15	186.09
1	3	17	156.14
1	3	19	200.77
1	3	21	221.67
1	3	23	187.32
1	4	1	140.78
1	4	3	116.96
1	4	5	436.53
1	4	7	393.31
1	4	9	534.87
1	4	11	548.13
1	4	13	337.42
1	4	15	400.76
1	4	17	247.45
1	4	19	389.13
1	4	21	240.53
1	4	23	240.95
1	5	1	178.16
1	5	3	245.39
1	5	5	247.14
1	5	7	257.36
1	5	9	284.91
1	5	11	300.35
1	5	13	274.04
1	5	15	203.96
1	5	17	212.83
1	5	19	306.71
1	5	21	229.24
1	5	23	260.00
1	6	1	129.27
1	6	3	102.99
1	6	5	178.44
1	6	7	214.16
1	6	9	268.84
1	6	11	169.73
1	6	13	118.76
1	6	15	194.67
1	6	17	408.06
1	6	19	290.39
1	6	21	320.55
1	6	23	256.21
1	7	1	97.95
1	7	3	117.71
1	7	5	286.73
1	7	7	270.39
1	7	9	337.69
1	7	11	295.70
1	7	13	211.83
1	7	15	291.87
1	7	17	282.40
1	7	19	214.27
1	7	21	301.76
1	7	23	228.81
1	8	1	85.44
1	8	3	146.54
1	8	5	505.54
1	8	7	426.53
1	8	9	565.58
1	8	11	304.96
1	8	13	199.21
1	8	15	258.64
1	8	17	132.71
1	8	19	128.38
1	8	21	114.78
1	8	23	174.99
1	9	1	93.91
1	9	3	104.89
1	9	5	154.16
1	9	7	144.24
1	9	9	162.53
1	9	11	188.44
1	9	13	210.58
1	9	15	143.57
1	9	17	122.72
1	9	19	166.92
1	9	21	141.77
1	9	23	143.55
1	10	1	164.24
1	10	3	109.12
1	10	5	98.35
1	10	7	159.39
1	10	9	185.18
1	10	11	232.01
1	10	13	206.38
1	10	15	170.24
1	10	17	221.88
1	10	19	292.26
1	10	21	182.40
1	10	23	151.84
1	11	1	113.15
1	11	3	115.95
1	11	5	239.16
1	11	7	300.48
1	11	9	213.27
1	11	11	280.96
1	11	13	212.18
1	11	15	171.38
1	11	17	135.03
1	11	19	210.90
1	11	21	177.54
1	11	23	214.29
1	12	1	102.50
1	12	3	87.16
1	12	5	118.86
1	12	7	115.75
1	12	9	112.70
1	12	11	105.42
1	12	13	142.37
1	12	15	143.16
1	12	17	106.94
1	12	19	105.92
1	12	21	117.88
1	12	23	126.25
1	13	1	85.78
1	13	3	148.75
1	13	5	414.09
1	13	7	345.87
1	13	9	458.33
1	13	11	372.42
1	13	13	251.36
1	13	15	344.16
1	13	17	156.12
1	13	19	155.67
1	13	21	161.40
1	13	23	151.51
1	14	1	97.11
1	14	3	80.18
1	14	5	182.83
1	14	7	233.22
1	14	9	201.76
1	14	11	265.75
1	14	13	144.36
1	14	15	137.21
1	14	17	149.59
1	14	19	136.35
1	14	21	116.09
1	14	23	174.65
1	15	1	127.29
1	15	3	94.67
1	15	5	330.20
1	15	7	408.62
1	15	9	265.87
1	15	11	382.10
1	15	13	129.85
1	15	15	115.03
1	15	17	220.98
1	15	19	208.00
1	15	21	150.05
1	15	23	186.66
1	16	1	92.74
1	16	3	163.52
1	16	5	544.68
1	16	7	535.54
1	16	9	500.95
1	16	11	351.03
1	16	13	138.64
1	16	15	170.35
1	16	17	101.78
1	16	19	141.82
1	16	21	141.40
1	16	23	213.06
1	17	1	159.79
1	17	3	102.58
1	17	5	251.18
1	17	7	419.22
1	17	9	304.93
1	17	11	276.59
1	17	13	177.80
1	17	15	179.47
1	17	17	158.71
1	17	19	160.79
1	17	21	197.94
1	17	23	160.47
1	18	1	121.95
1	18	3	96.71
1	18	5	450.04
1	18	7	432.92
1	18	9	427.62
1	18	11	506.11
1	18	13	267.13
1	18	15	285.35
1	18	17	130.79
1	18	19	267.29
1	18	21	217.91
1	18	23	233.89
1	19	1	104.82
1	19	3	77.38
1	19	5	124.37
1	19	7	194.47
1	19	9	219.20
1	19	11	264.87
1	19	13	168.09
1	19	15	151.19
1	19	17	126.88
1	19	19	133.88
1	19	21	131.12
1	19	23	129.75
1	20	1	101.09
1	20	3	105.19
1	20	5	120.80
1	20	7	168.29
1	20	9	171.40
1	20	11	364.16
1	20	13	307.13
1	20	15	438.43
1	20	17	330.33
1	20	19	477.10
1	20	21	356.75
1	20	23	382.75
1	21	1	133.81
1	21	3	151.36
1	21	5	197.99
1	21	7	242.29
1	21	9	288.59
1	21	11	409.43
1	21	13	241.41
1	21	15	274.43
1	21	17	229.71
1	21	19	227.22
1	21	21	166.78
1	21	23	173.91
1	22	1	116.29
1	22	3	137.74
1	22	5	237.97
1	22	7	142.24
1	22	9	170.76
1	22	11	227.19
1	22	13	238.43
1	22	15	163.29
1	22	17	150.95
1	22	19	183.29
1	22	21	202.13
1	22	23	178.30
1	23	1	142.28
1	23	3	115.87
1	23	5	332.18
1	23	7	337.57
1	23	9	372.11
1	23	11	530.47
1	23	13	497.25
1	23	15	339.29
1	23	17	330.55
1	23	19	435.36
1	23	21	277.47
1	23	23	405.74
1	24	1	112.94
1	24	3	105.14
1	24	5	161.18
1	24	7	190.99
1	24	9	334.85
1	24	11	404.30
1	24	13	210.32
1	24	15	210.93
1	24	17	182.10
1	24	19	219.09
1	24	21	123.78
1	24	23	273.89
2	0	1	94.81
2	0	3	85.31
2	0	5	201.97
2	0	7	239.56
2	0	9	318.88
2	0	11	246.86
2	0	13	204.49
2	0	15	185.35
2	0	17	262.21
2	0	19	278.78
2	0	21	145.57
2	0	23	190.94
2	1	1	92.89
2	1	3	151.93
2	1	5	402.16
2	1	7	334.62
2	1	9	449.54
2	1	11	235.17
2	1	13	176.34
2	1	15	189.72
2	1	17	107.19
2	1	19	95.17
2	1	21	96.45
2	1	23	116.33
2	2	1	93.43
2	2	3	94.38
2	2	5	203.16
2	2	7	219.96
2	2	9	251.13
2	2	11	339.18
2	2	13	221.67
2	2	15	253.91
2	2	17	212.89
2	2	19	295.43
2	2	21	206.17
2	2	23	206.27
2	3	1	143.71
2	3	3	125.47
2	3	5	499.28
2	3	7	534.83
2	3	9	532.55
2	3	11	582.00
2	3	13	214.46
2	3	15	221.83
2	3	17	230.20
2	3	19	324.11
2	3	21	179.74
2	3	23	174.32
2	4	1	114.38
2	4	3	179.18
2	4	5	233.95
2	4	7	376.66
2	4	9	333.06
2	4	11	446.35
2	4	13	296.99
2	4	15	249.65
2	4	17	319.23
2	4	19	307.24
2	4	21	184.15
2	4	23	204.31
2	5	1	103.42
2	5	3	120.82
2	5	5	198.93
2	5	7	322.95
2	5	9	314.94
2	5	11	305.62
2	5	13	212.66
2	5	15	146.89
2	5	17	216.96
2	5	19	185.20
2	5	21	162.68
2	5	23	131.24
2	6	1	144.83
2	6	3	99.34
2	6	5	219.07
2	6	7	243.44
2	6	9	192.16
2	6	11	243.31
2	6	13	259.57
2	6	15	148.63
2	6	17	132.37
2	6	19	240.19
2	6	21	138.23
2	6	23	139.22
2	7	1	92.90
2	7	3	98.50
2	7	5	178.49
2	7	7	219.48
2	7	9	275.57
2	7	11	366.96
2	7	13	188.95
2	7	15	209.28
2	7	17	162.73
2	7	19	200.16
2	7	21	136.00
2	7	23	135.44
2	8	1	142.57
2	8	3	123.39
2	8	5	173.91
2	8	7	208.89
2	8	9	242.72
2	8	11	386.53
2	8	13	289.91
2	8	15	290.68
2	8	17	432.33
2	8	19	459.05
2	8	21	273.20
2	8	23	209.96
2	9	1	106.02
2	9	3	97.08
2	9	5	128.00
2	9	7	150.95
2	9	9	126.27
2	9	11	152.62
2	9	13	133.08
2	9	15	158.92
2	9	17	145.55
2	9	19	206.61
2	9	21	155.46
2	9	23	123.79
2	10	1	115.25
2	10	3	120.69
2	10	5	156.92
2	10	7	190.33
2	10	9	173.81
2	10	11	209.56
2	10	13	166.36
2	10	15	136.97
2	10	17	172.61
2	10	19	248.64
2	10	21	223.51
2	10	23	181.42
2	11	1	138.44
2	11	3	103.56
2	11	5	262.02
2	11	7	583.18
2	11	9	335.60
2	11	11	347.62
2	11	13	218.15
2	11	15	156.10
2	11	17	179.60
2	11	19	240.04
2	11	21	334.68
2	11	23	395.38
2	12	1	99.16
2	12	3	107.25
2	12	5	166.66
2	12	7	236.27
2	12	9	229.48
2	12	11	253.38
2	12	13	123.08
2	12	15	143.62
2	12	17	165.43
2	12	19	202.67
2	12	21	182.59
2	12	23	192.38
2	13	1	159.24
2	13	3	121.15
2	13	5	109.27
2	13	7	190.80
2	13	9	333.63
2	13	11	538.69
2	13	13	306.87
2	13	15	153.59
2	13	17	186.61
2	13	19	209.80
2	13	21	149.79
2	13	23	179.28
2	14	1	112.03
2	14	3	107.65
2	14	5	224.86
2	14	7	207.24
2	14	9	234.42
2	14	11	145.76
2	14	13	305.38
2	14	15	248.37
2	14	17	178.73
2	14	19	224.82
2	14	21	92.31
2	14	23	132.32
2	15	1	132.33
2	15	3	120.56
2	15	5	191.76
2	15	7	216.58
2	15	9	256.91
2	15	11	309.64
2	15	13	241.33
2	15	15	168.07
2	15	17	226.87
2	15	19	254.85
2	15	21	213.69
2	15	23	233.99
2	16	1	154.85
2	16	3	143.29
2	16	5	225.87
2	16	7	255.99
2	16	9	322.73
2	16	11	416.11
2	16	13	200.96
2	16	15	145.16
2	16	17	135.62
2	16	19	206.69
2	16	21	161.64
2	16	23	138.02
2	17	1	379.51
2	17	3	158.04
2	17	5	306.36
2	17	7	225.74
2	17	9	371.91
2	17	11	386.52
2	17	13	341.47
2	17	15	525.11
2	17	17	529.77
2	17	19	688.21
2	17	21	467.05
2	17	23	542.50
2	18	1	88.47
2	18	3	109.92
2	18	5	251.43
2	18	7	265.28
2	18	9	434.30
2	18	11	335.64
2	18	13	198.06
2	18	15	249.18
2	18	17	251.79
2	18	19	320.72
2	18	21	295.05
2	18	23	169.85
2	19	1	100.11
2	19	3	100.09
2	19	5	194.29
2	19	7	244.67
2	19	9	204.05
2	19	11	258.84
2	19	13	154.51
2	19	15	160.91
2	19	17	169.12
2	19	19	230.45
2	19	21	224.65
2	19	23	166.60
2	20	1	184.49
2	20	3	111.88
2	20	5	329.52
2	20	7	407.27
2	20	9	342.19
2	20	11	358.27
2	20	13	326.53
2	20	15	297.47
2	20	17	248.61
2	20	19	264.83
2	20	21	138.76
2	20	23	178.37
2	21	1	90.62
2	21	3	84.39
2	21	5	132.76
2	21	7	152.88
2	21	9	234.71
2	21	11	261.71
2	21	13	236.05
2	21	15	186.87
2	21	17	199.39
2	21	19	238.37
2	21	21	240.87
2	21	23	265.54
2	22	1	105.77
2	22	3	103.68
2	22	5	198.29
2	22	7	186.65
2	22	9	190.91
2	22	11	196.47
2	22	13	186.15
2	22	15	163.55
2	22	17	198.82
2	22	19	250.15
2	22	21	173.78
2	22	23	167.93
2	23	1	97.89
2	23	3	100.13
2	23	5	338.89
2	23	7	447.50
2	23	9	369.65
2	23	11	399.96
2	23	13	254.47
2	23	15	308.67
2	23	17	244.89
2	23	19	278.01
2	23	21	234.76
2	23	23	190.45
2	24	1	96.75
2	24	3	122.25
2	24	5	323.04
2	24	7	306.93
2	24	9	421.87
2	24	11	412.30
2	24	13	295.48
2	24	15	295.73
2	24	17	265.03
2	24	19	287.51
2	24	21	239.69
2	24	23	181.08
3	0	1	90.54
3	0	3	70.65
3	0	5	94.87
3	0	7	104.39
3	0	9	116.04
3	0	11	118.84
3	0	13	117.43
3	0	15	125.85
3	0	17	110.94
3	0	19	125.38
3	0	21	150.97
3	0	23	121.11
3	1	1	119.29
3	1	3	115.73
3	1	5	249.93
3	1	7	262.91
3	1	9	273.39
3	1	11	328.26
3	1	13	322.98
3	1	15	260.96
3	1	17	329.14
3	1	19	324.41
3	1	21	198.82
3	1	23	211.47
3	2	1	113.42
3	2	3	105.49
3	2	5	160.51
3	2	7	162.46
3	2	9	198.95
3	2	11	224.93
3	2	13	171.32
3	2	15	178.81
3	2	17	180.77
3	2	19	270.75
3	2	21	275.99
3	2	23	227.40
3	3	1	141.00
3	3	3	109.16
3	3	5	184.05
3	3	7	251.86
3	3	9	403.40
3	3	11	361.36
3	3	13	223.99
3	3	15	186.97
3	3	17	213.40
3	3	19	295.33
3	3	21	194.02
3	3	23	368.15
3	4	1	79.51
3	4	3	200.73
3	4	5	509.35
3	4	7	409.12
3	4	9	700.63
3	4	11	539.21
3	4	13	142.09
3	4	15	161.92
3	4	17	232.66
3	4	19	230.58
3	4	21	221.10
3	4	23	176.16
3	5	1	222.64
3	5	3	112.84
3	5	5	109.37
3	5	7	143.44
3	5	9	495.93
3	5	11	593.26
3	5	13	369.01
3	5	15	324.94
3	5	17	337.09
3	5	19	412.79
3	5	21	245.86
3	5	23	277.04
3	6	1	164.24
3	6	3	109.12
3	6	5	98.35
3	6	7	159.39
3	6	9	185.18
3	6	11	232.01
3	6	13	206.38
3	6	15	170.24
3	6	17	221.88
3	6	19	292.26
3	6	21	182.40
3	6	23	151.84
3	7	1	95.54
3	7	3	118.66
3	7	5	112.55
3	7	7	110.78
3	7	9	133.02
3	7	11	165.98
3	7	13	228.84
3	7	15	197.84
3	7	17	270.04
3	7	19	372.93
3	7	21	349.52
3	7	23	359.12
3	8	1	109.65
3	8	3	97.05
3	8	5	194.35
3	8	7	193.93
3	8	9	245.69
3	8	11	264.69
3	8	13	229.00
3	8	15	239.74
3	8	17	189.52
3	8	19	266.31
3	8	21	225.62
3	8	23	162.62
3	9	1	60.89
3	9	3	110.94
3	9	5	153.45
3	9	7	146.52
3	9	9	173.69
3	9	11	171.52
3	9	13	138.84
3	9	15	176.19
3	9	17	115.20
3	9	19	108.69
3	9	21	107.25
3	9	23	135.43
3	10	1	97.95
3	10	3	100.08
3	10	5	367.24
3	10	7	455.28
3	10	9	442.51
3	10	11	531.03
3	10	13	395.42
3	10	15	252.64
3	10	17	270.23
3	10	19	195.27
3	10	21	189.02
3	10	23	163.48
3	11	1	126.85
3	11	3	150.97
3	11	5	271.17
3	11	7	268.62
3	11	9	214.14
3	11	11	227.35
3	11	13	296.13
3	11	15	310.42
3	11	17	159.83
3	11	19	269.29
3	11	21	221.85
3	11	23	201.89
3	12	1	110.93
3	12	3	115.00
3	12	5	281.36
3	12	7	463.48
3	12	9	350.02
3	12	11	498.34
3	12	13	309.95
3	12	15	307.59
3	12	17	257.58
3	12	19	380.41
3	12	21	302.45
3	12	23	313.63
3	13	1	114.32
3	13	3	110.12
3	13	5	220.24
3	13	7	263.92
3	13	9	216.11
3	13	11	270.53
3	13	13	249.13
3	13	15	186.25
3	13	17	246.17
3	13	19	301.09
3	13	21	235.65
3	13	23	277.61
3	14	1	97.41
3	14	3	98.13
3	14	5	162.88
3	14	7	194.09
3	14	9	230.14
3	14	11	304.13
3	14	13	201.85
3	14	15	272.69
3	14	17	158.02
3	14	19	169.13
3	14	21	126.14
3	14	23	128.75
3	15	1	102.91
3	15	3	90.84
3	15	5	134.47
3	15	7	197.67
3	15	9	197.51
3	15	11	284.49
3	15	13	203.43
3	15	15	196.19
3	15	17	183.27
3	15	19	226.22
3	15	21	148.41
3	15	23	159.76
3	16	1	123.04
3	16	3	103.87
3	16	5	354.80
3	16	7	438.89
3	16	9	325.87
3	16	11	317.21
3	16	13	198.45
3	16	15	193.15
3	16	17	138.16
3	16	19	242.94
3	16	21	161.57
3	16	23	209.27
3	17	1	115.00
3	17	3	102.42
3	17	5	218.28
3	17	7	267.95
3	17	9	186.49
3	17	11	200.13
3	17	13	173.24
3	17	15	130.30
3	17	17	133.07
3	17	19	185.06
3	17	21	141.11
3	17	23	143.13
3	18	1	94.63
3	18	3	100.91
3	18	5	170.35
3	18	7	191.62
3	18	9	258.00
3	18	11	322.30
3	18	13	315.71
3	18	15	236.17
3	18	17	235.18
3	18	19	230.58
3	18	21	243.59
3	18	23	213.53
3	19	1	111.37
3	19	3	103.70
3	19	5	186.45
3	19	7	299.03
3	19	9	274.02
3	19	11	371.80
3	19	13	293.64
3	19	15	231.91
3	19	17	227.05
3	19	19	370.25
3	19	21	230.55
3	19	23	256.60
3	20	1	94.74
3	20	3	86.39
3	20	5	119.42
3	20	7	141.19
3	20	9	173.45
3	20	11	182.47
3	20	13	226.33
3	20	15	234.04
3	20	17	187.15
3	20	19	217.07
3	20	21	179.38
3	20	23	98.22
3	21	1	91.02
3	21	3	87.35
3	21	5	217.72
3	21	7	280.85
3	21	9	312.55
3	21	11	419.93
3	21	13	231.77
3	21	15	250.31
3	21	17	191.68
3	21	19	252.35
3	21	21	141.68
3	21	23	158.28
3	22	1	87.34
3	22	3	96.04
3	22	5	133.90
3	22	7	132.89
3	22	9	174.73
3	22	11	203.72
3	22	13	169.42
3	22	15	181.79
3	22	17	157.15
3	22	19	177.91
3	22	21	136.94
3	22	23	113.18
3	23	1	100.01
3	23	3	90.22
3	23	5	159.01
3	23	7	240.97
3	23	9	257.42
3	23	11	303.26
3	23	13	250.35
3	23	15	251.27
3	23	17	343.51
3	23	19	422.53
3	23	21	298.00
3	23	23	348.74
3	24	1	95.43
3	24	3	133.02
3	24	5	280.29
3	24	7	299.01
3	24	9	442.30
3	24	11	441.04
3	24	13	287.51
3	24	15	358.88
3	24	17	386.49
3	24	19	302.70
3	24	21	314.47
3	24	23	180.94
4	0	1	81.25
4	0	3	87.12
4	0	5	113.45
4	0	7	165.27
4	0	9	225.25
4	0	11	252.78
4	0	13	176.20
4	0	15	159.45
4	0	17	139.48
4	0	19	236.73
4	0	21	267.44
4	0	23	231.95
4	1	1	85.87
4	1	3	69.60
4	1	5	120.56
4	1	7	107.64
4	1	9	121.84
4	1	11	94.56
4	1	13	77.13
4	1	15	81.48
4	1	17	103.23
4	1	19	113.62
4	1	21	121.98
4	1	23	115.65
4	2	1	74.49
4	2	3	81.84
4	2	5	136.38
4	2	7	152.75
4	2	9	218.36
4	2	11	195.32
4	2	13	175.36
4	2	15	222.70
4	2	17	184.24
4	2	19	172.43
4	2	21	186.97
4	2	23	143.86
4	3	1	100.73
4	3	3	116.90
4	3	5	178.93
4	3	7	247.38
4	3	9	184.04
4	3	11	366.89
4	3	13	211.22
4	3	15	141.85
4	3	17	243.55
4	3	19	247.85
4	3	21	151.93
4	3	23	245.02
4	4	1	71.00
4	4	3	104.31
4	4	5	236.36
4	4	7	254.23
4	4	9	459.33
4	4	11	327.49
4	4	13	150.64
4	4	15	181.54
4	4	17	204.00
4	4	19	114.12
4	4	21	157.45
4	4	23	186.47
4	5	1	84.27
4	5	3	96.35
4	5	5	170.20
4	5	7	166.88
4	5	9	217.53
4	5	11	212.99
4	5	13	125.94
4	5	15	123.37
4	5	17	140.61
4	5	19	156.38
4	5	21	167.78
4	5	23	202.56
4	6	1	88.07
4	6	3	97.90
4	6	5	417.27
4	6	7	407.82
4	6	9	545.23
4	6	11	381.71
4	6	13	126.14
4	6	15	163.15
4	6	17	219.65
4	6	19	181.44
4	6	21	152.17
4	6	23	97.00
4	7	1	134.51
4	7	3	109.86
4	7	5	156.62
4	7	7	166.04
4	7	9	222.44
4	7	11	309.65
4	7	13	222.74
4	7	15	163.26
4	7	17	124.93
4	7	19	206.60
4	7	21	193.76
4	7	23	146.72
4	8	1	107.45
4	8	3	96.55
4	8	5	120.93
4	8	7	255.10
4	8	9	226.43
4	8	11	259.56
4	8	13	186.14
4	8	15	184.33
4	8	17	179.05
4	8	19	222.34
4	8	21	198.98
4	8	23	175.58
4	9	1	116.78
4	9	3	106.20
4	9	5	193.74
4	9	7	299.31
4	9	9	347.09
4	9	11	335.06
4	9	13	158.41
4	9	15	200.81
4	9	17	198.29
4	9	19	264.14
4	9	21	324.24
4	9	23	254.70
4	10	1	84.88
4	10	3	119.43
4	10	5	411.76
4	10	7	557.14
4	10	9	631.85
4	10	11	400.78
4	10	13	172.93
4	10	15	203.70
4	10	17	132.29
4	10	19	134.37
4	10	21	186.70
4	10	23	176.98
4	11	1	124.10
4	11	3	135.55
4	11	5	173.18
4	11	7	213.63
4	11	9	318.49
4	11	11	336.87
4	11	13	228.47
4	11	15	150.87
4	11	17	145.43
4	11	19	210.38
4	11	21	176.26
4	11	23	141.29
4	12	1	93.84
4	12	3	89.25
4	12	5	155.98
4	12	7	196.92
4	12	9	404.67
4	12	11	395.38
4	12	13	231.78
4	12	15	281.70
4	12	17	217.34
4	12	19	418.50
4	12	21	251.49
4	12	23	157.57
4	13	1	110.36
4	13	3	106.76
4	13	5	307.98
4	13	7	321.91
4	13	9	351.82
4	13	11	312.04
4	13	13	216.25
4	13	15	194.35
4	13	17	160.51
4	13	19	225.50
4	13	21	140.40
4	13	23	140.11
4	14	1	106.95
4	14	3	111.64
4	14	5	278.00
4	14	7	276.05
4	14	9	233.24
4	14	11	276.39
4	14	13	221.86
4	14	15	223.58
4	14	17	205.06
4	14	19	240.80
4	14	21	201.31
4	14	23	197.13
4	15	1	155.80
4	15	3	119.57
4	15	5	314.81
4	15	7	430.13
4	15	9	338.57
4	15	11	299.93
4	15	13	158.25
4	15	15	148.00
4	15	17	170.89
4	15	19	225.51
4	15	21	176.99
4	15	23	218.27
4	16	1	160.50
4	16	3	114.65
4	16	5	104.49
4	16	7	118.29
4	16	9	186.07
4	16	11	291.34
4	16	13	271.01
4	16	15	229.02
4	16	17	240.29
4	16	19	239.33
4	16	21	162.53
4	16	23	179.97
4	17	1	120.25
4	17	3	117.13
4	17	5	156.36
4	17	7	206.37
4	17	9	185.26
4	17	11	271.15
4	17	13	365.16
4	17	15	295.73
4	17	17	354.24
4	17	19	392.78
4	17	21	255.40
4	17	23	282.22
4	18	1	142.06
4	18	3	141.78
4	18	5	215.15
4	18	7	145.31
4	18	9	201.64
4	18	11	248.38
4	18	13	160.75
4	18	15	209.61
4	18	17	176.51
4	18	19	195.52
4	18	21	151.83
4	18	23	158.37
4	19	1	132.48
4	19	3	100.83
4	19	5	385.75
4	19	7	478.36
4	19	9	349.90
4	19	11	382.09
4	19	13	215.27
4	19	15	250.01
4	19	17	212.05
4	19	19	279.20
4	19	21	230.37
4	19	23	189.65
4	20	1	97.00
4	20	3	91.13
4	20	5	181.12
4	20	7	186.94
4	20	9	236.94
4	20	11	261.14
4	20	13	187.08
4	20	15	178.31
4	20	17	229.31
4	20	19	304.16
4	20	21	209.18
4	20	23	234.28
4	21	1	115.90
4	21	3	137.47
4	21	5	207.38
4	21	7	243.91
4	21	9	249.46
4	21	11	187.86
4	21	13	123.73
4	21	15	128.80
4	21	17	154.30
4	21	19	162.13
4	21	21	178.25
4	21	23	148.89
4	22	1	91.87
4	22	3	86.60
4	22	5	165.74
4	22	7	215.63
4	22	9	201.69
4	22	11	291.45
4	22	13	250.48
4	22	15	149.29
4	22	17	164.83
4	22	19	189.86
4	22	21	126.07
4	22	23	180.36
4	23	1	88.29
4	23	3	112.58
4	23	5	164.37
4	23	7	152.97
4	23	9	123.00
4	23	11	153.99
4	23	13	113.34
4	23	15	237.40
4	23	17	324.76
4	23	19	279.16
4	23	21	304.80
4	23	23	262.60
4	24	1	127.51
4	24	3	81.55
4	24	5	138.52
4	24	7	175.91
4	24	9	179.65
4	24	11	216.42
4	24	13	170.80
4	24	15	237.48
4	24	17	186.83
4	24	19	242.42
4	24	21	247.53
4	24	23	234.58
5	0	1	111.02
5	0	3	104.45
5	0	5	187.74
5	0	7	244.39
5	0	9	201.60
5	0	11	264.75
5	0	13	254.10
5	0	15	226.47
5	0	17	240.57
5	0	19	377.36
5	0	21	310.55
5	0	23	256.79
5	1	1	109.47
5	1	3	99.63
5	1	5	155.64
5	1	7	204.56
5	1	9	253.08
5	1	11	408.80
5	1	13	269.20
5	1	15	210.61
5	1	17	182.77
5	1	19	210.64
5	1	21	169.31
5	1	23	170.19
5	2	1	95.03
5	2	3	107.44
5	2	5	320.52
5	2	7	314.49
5	2	9	328.35
5	2	11	216.19
5	2	13	280.40
5	2	15	205.00
5	2	17	177.31
5	2	19	249.23
5	2	21	183.02
5	2	23	169.35
5	3	1	116.15
5	3	3	115.58
5	3	5	214.54
5	3	7	183.74
5	3	9	269.56
5	3	11	210.35
5	3	13	298.80
5	3	15	239.91
5	3	17	185.19
5	3	19	224.93
5	3	21	175.96
5	3	23	156.30
5	4	1	117.56
5	4	3	98.65
5	4	5	134.44
5	4	7	197.91
5	4	9	171.45
5	4	11	256.97
5	4	13	230.85
5	4	15	221.24
5	4	17	205.00
5	4	19	329.46
5	4	21	264.36
5	4	23	194.19
5	5	1	82.02
5	5	3	183.84
5	5	5	583.53
5	5	7	599.49
5	5	9	660.65
5	5	11	394.15
5	5	13	266.63
5	5	15	304.93
5	5	17	159.60
5	5	19	132.75
5	5	21	157.12
5	5	23	141.29
5	6	1	95.71
5	6	3	96.99
5	6	5	188.85
5	6	7	176.05
5	6	9	209.05
5	6	11	399.25
5	6	13	228.53
5	6	15	232.55
5	6	17	224.16
5	6	19	348.85
5	6	21	259.94
5	6	23	317.83
5	7	1	67.39
5	7	3	133.92
5	7	5	274.08
5	7	7	234.34
5	7	9	299.74
5	7	11	217.36
5	7	13	147.37
5	7	15	193.35
5	7	17	143.21
5	7	19	106.88
5	7	21	162.43
5	7	23	127.86
5	8	1	180.03
5	8	3	157.87
5	8	5	458.47
5	8	7	469.98
5	8	9	507.09
5	8	11	439.74
5	8	13	269.99
5	8	15	291.93
5	8	17	206.20
5	8	19	282.74
5	8	21	209.49
5	8	23	156.04
5	9	1	117.19
5	9	3	67.37
5	9	5	208.08
5	9	7	220.31
5	9	9	220.37
5	9	11	270.29
5	9	13	253.10
5	9	15	214.15
5	9	17	196.81
5	9	19	256.21
5	9	21	238.61
5	9	23	383.15
5	10	1	90.56
5	10	3	83.39
5	10	5	136.89
5	10	7	129.76
5	10	9	117.02
5	10	11	99.62
5	10	13	135.26
5	10	15	156.09
5	10	17	106.06
5	10	19	138.71
5	10	21	103.37
5	10	23	95.21
5	11	1	161.67
5	11	3	123.50
5	11	5	192.47
5	11	7	204.96
5	11	9	173.76
5	11	11	207.07
5	11	13	147.63
5	11	15	168.20
5	11	17	199.01
5	11	19	281.47
5	11	21	209.93
5	11	23	233.70
5	12	1	104.35
5	12	3	109.73
5	12	5	181.67
5	12	7	249.11
5	12	9	272.56
5	12	11	303.22
5	12	13	163.01
5	12	15	165.48
5	12	17	174.09
5	12	19	184.20
5	12	21	161.89
5	12	23	158.81
5	13	1	108.62
5	13	3	158.73
5	13	5	451.72
5	13	7	392.80
5	13	9	491.07
5	13	11	206.39
5	13	13	104.48
5	13	15	122.75
5	13	17	116.47
5	13	19	104.01
5	13	21	112.58
5	13	23	119.40
5	14	1	171.00
5	14	3	106.15
5	14	5	287.34
5	14	7	525.33
5	14	9	374.04
5	14	11	321.01
5	14	13	155.60
5	14	15	182.44
5	14	17	160.62
5	14	19	168.55
5	14	21	119.50
5	14	23	151.67
5	15	1	91.57
5	15	3	114.20
5	15	5	353.18
5	15	7	388.04
5	15	9	302.52
5	15	11	407.36
5	15	13	272.08
5	15	15	275.66
5	15	17	171.42
5	15	19	365.61
5	15	21	306.65
5	15	23	143.73
5	16	1	92.04
5	16	3	101.80
5	16	5	185.53
5	16	7	227.18
5	16	9	202.13
5	16	11	278.99
5	16	13	207.84
5	16	15	206.69
5	16	17	155.29
5	16	19	257.07
5	16	21	209.96
5	16	23	127.17
5	17	1	92.94
5	17	3	99.89
5	17	5	333.84
5	17	7	436.36
5	17	9	363.96
5	17	11	356.38
5	17	13	252.15
5	17	15	209.31
5	17	17	243.55
5	17	19	256.21
5	17	21	221.79
5	17	23	170.10
5	18	1	102.31
5	18	3	105.64
5	18	5	120.02
5	18	7	148.55
5	18	9	130.82
5	18	11	122.60
5	18	13	130.60
5	18	15	125.22
5	18	17	119.10
5	18	19	161.16
5	18	21	128.87
5	18	23	135.83
5	19	1	184.80
5	19	3	143.44
5	19	5	304.63
5	19	7	350.75
5	19	9	291.22
5	19	11	407.84
5	19	13	330.67
5	19	15	283.82
5	19	17	317.80
5	19	19	286.69
5	19	21	236.64
5	19	23	268.69
5	20	1	115.30
5	20	3	135.51
5	20	5	289.25
5	20	7	243.02
5	20	9	269.11
5	20	11	399.87
5	20	13	279.67
5	20	15	297.80
5	20	17	181.81
5	20	19	331.13
5	20	21	262.00
5	20	23	208.27
5	21	1	93.96
5	21	3	89.47
5	21	5	153.57
5	21	7	180.16
5	21	9	201.42
5	21	11	219.15
5	21	13	165.80
5	21	15	163.87
5	21	17	187.23
5	21	19	237.44
5	21	21	159.98
5	21	23	143.12
5	22	1	91.89
5	22	3	96.14
5	22	5	135.17
5	22	7	185.39
5	22	9	186.69
5	22	11	265.32
5	22	13	232.41
5	22	15	184.73
5	22	17	201.36
5	22	19	247.17
5	22	21	192.71
5	22	23	186.15
5	23	1	102.10
5	23	3	95.37
5	23	5	119.76
5	23	7	161.47
5	23	9	249.09
5	23	11	216.15
5	23	13	167.94
5	23	15	142.73
5	23	17	139.36
5	23	19	178.03
5	23	21	150.79
5	23	23	141.18
5	24	1	228.61
5	24	3	117.59
5	24	5	555.96
5	24	7	510.96
5	24	9	487.17
5	24	11	459.78
5	24	13	229.72
5	24	15	217.61
5	24	17	278.00
5	24	19	297.98
5	24	21	146.55
5	24	23	146.40
6	0	1	74.93
6	0	3	97.81
6	0	5	249.23
6	0	7	280.90
6	0	9	492.85
6	0	11	466.46
6	0	13	157.71
6	0	15	152.58
6	0	17	201.58
6	0	19	163.26
6	0	21	230.48
6	0	23	275.28
6	1	1	105.95
6	1	3	95.46
6	1	5	221.15
6	1	7	219.32
6	1	9	207.15
6	1	11	258.28
6	1	13	185.89
6	1	15	156.04
6	1	17	209.78
6	1	19	305.28
6	1	21	235.29
6	1	23	262.17
6	2	1	88.93
6	2	3	157.53
6	2	5	296.67
6	2	7	464.31
6	2	9	529.14
6	2	11	465.09
6	2	13	445.23
6	2	15	442.55
6	2	17	322.83
6	2	19	368.33
6	2	21	248.51
6	2	23	247.69
6	3	1	99.80
6	3	3	112.47
6	3	5	203.39
6	3	7	211.51
6	3	9	517.39
6	3	11	435.99
6	3	13	238.85
6	3	15	368.01
6	3	17	215.12
6	3	19	123.22
6	3	21	181.66
6	3	23	147.88
6	4	1	133.50
6	4	3	108.60
6	4	5	210.38
6	4	7	195.10
6	4	9	214.38
6	4	11	352.39
6	4	13	366.60
6	4	15	323.04
6	4	17	317.43
6	4	19	382.60
6	4	21	280.87
6	4	23	388.57
6	5	1	102.58
6	5	3	91.27
6	5	5	164.70
6	5	7	270.36
6	5	9	267.85
6	5	11	426.44
6	5	13	345.36
6	5	15	282.68
6	5	17	261.95
6	5	19	419.95
6	5	21	251.55
6	5	23	234.07
6	6	1	118.76
6	6	3	104.22
6	6	5	94.64
6	6	7	118.56
6	6	9	141.67
6	6	11	196.16
6	6	13	165.73
6	6	15	209.52
6	6	17	171.05
6	6	19	212.58
6	6	21	199.07
6	6	23	171.13
6	7	1	141.56
6	7	3	158.84
6	7	5	171.36
6	7	7	220.27
6	7	9	232.20
6	7	11	329.80
6	7	13	299.66
6	7	15	408.13
6	7	17	321.07
6	7	19	272.15
6	7	21	199.25
6	7	23	191.13
6	8	1	82.25
6	8	3	103.95
6	8	5	147.89
6	8	7	144.47
6	8	9	114.27
6	8	11	168.90
6	8	13	141.51
6	8	15	205.26
6	8	17	216.37
6	8	19	166.15
6	8	21	218.08
6	8	23	300.27
6	9	1	120.31
6	9	3	106.82
6	9	5	501.20
6	9	7	434.35
6	9	9	452.13
6	9	11	512.54
6	9	13	275.60
6	9	15	363.72
6	9	17	242.58
6	9	19	311.37
6	9	21	186.76
6	9	23	211.69
6	10	1	107.25
6	10	3	121.04
6	10	5	216.52
6	10	7	235.47
6	10	9	383.38
6	10	11	384.01
6	10	13	123.57
6	10	15	164.88
6	10	17	178.97
6	10	19	200.14
6	10	21	171.97
6	10	23	130.21
6	11	1	133.32
6	11	3	106.76
6	11	5	152.47
6	11	7	254.55
6	11	9	194.66
6	11	11	213.78
6	11	13	148.27
6	11	15	197.10
6	11	17	170.30
6	11	19	236.18
6	11	21	293.71
6	11	23	242.35
6	12	1	121.77
6	12	3	112.87
6	12	5	201.67
6	12	7	251.04
6	12	9	207.48
6	12	11	394.77
6	12	13	279.09
6	12	15	234.33
6	12	17	199.11
6	12	19	219.83
6	12	21	146.96
6	12	23	162.56
6	13	1	94.94
6	13	3	98.00
6	13	5	256.20
6	13	7	229.11
6	13	9	275.59
6	13	11	254.38
6	13	13	246.11
6	13	15	301.17
6	13	17	271.27
6	13	19	201.58
6	13	21	267.34
6	13	23	154.65
6	14	1	112.93
6	14	3	107.42
6	14	5	162.25
6	14	7	170.68
6	14	9	196.60
6	14	11	251.46
6	14	13	226.78
6	14	15	225.94
6	14	17	184.30
6	14	19	209.67
6	14	21	170.25
6	14	23	138.89
6	15	1	120.49
6	15	3	108.74
6	15	5	174.46
6	15	7	188.66
6	15	9	297.46
6	15	11	353.26
6	15	13	277.11
6	15	15	325.27
6	15	17	223.09
6	15	19	264.33
6	15	21	156.13
6	15	23	155.91
6	16	1	93.37
6	16	3	100.04
6	16	5	170.56
6	16	7	292.13
6	16	9	250.58
6	16	11	329.95
6	16	13	230.48
6	16	15	161.18
6	16	17	152.42
6	16	19	169.88
6	16	21	144.93
6	16	23	125.82
6	17	1	0.00
6	17	3	104.64
6	17	5	169.04
6	17	7	210.45
6	17	9	207.22
6	17	11	245.47
6	17	13	170.83
6	17	15	168.88
6	17	17	215.62
6	17	19	148.30
6	17	21	150.67
6	17	23	168.49
6	18	1	128.95
6	18	3	120.51
6	18	5	470.19
6	18	7	501.34
6	18	9	507.10
6	18	11	528.15
6	18	13	255.07
6	18	15	151.34
6	18	17	196.30
6	18	19	227.51
6	18	21	130.67
6	18	23	115.39
6	19	1	178.49
6	19	3	165.79
6	19	5	106.77
6	19	7	192.84
6	19	9	237.64
6	19	11	382.05
6	19	13	439.32
6	19	15	275.84
6	19	17	312.87
6	19	19	298.13
6	19	21	207.13
6	19	23	191.62
6	20	1	105.91
6	20	3	106.64
6	20	5	336.79
6	20	7	363.95
6	20	9	438.32
6	20	11	333.51
6	20	13	254.47
6	20	15	194.17
6	20	17	159.10
6	20	19	141.53
6	20	21	124.44
6	20	23	123.70
6	21	1	100.93
6	21	3	88.00
6	21	5	104.32
6	21	7	151.66
6	21	9	187.14
6	21	11	299.40
6	21	13	150.67
6	21	15	135.22
6	21	17	139.83
6	21	19	285.87
6	21	21	256.06
6	21	23	184.17
6	22	1	126.22
6	22	3	118.59
6	22	5	353.00
6	22	7	368.33
6	22	9	341.53
6	22	11	439.57
6	22	13	361.76
6	22	15	273.07
6	22	17	284.35
6	22	19	284.22
6	22	21	148.35
6	22	23	172.04
6	23	1	87.67
6	23	3	111.07
6	23	5	251.80
6	23	7	266.37
6	23	9	261.67
6	23	11	178.44
6	23	13	142.66
6	23	15	193.42
6	23	17	214.89
6	23	19	159.38
6	23	21	242.84
6	23	23	173.39
6	24	1	120.43
6	24	3	139.21
6	24	5	195.74
6	24	7	242.84
6	24	9	229.69
6	24	11	361.74
6	24	13	286.21
6	24	15	211.12
6	24	17	221.86
6	24	19	213.34
6	24	21	195.27
6	24	23	170.74
7	0	1	98.82
7	0	3	104.45
7	0	5	144.42
7	0	7	136.62
7	0	9	178.47
7	0	11	210.42
7	0	13	280.57
7	0	15	249.97
7	0	17	292.18
7	0	19	301.11
7	0	21	209.13
7	0	23	231.87
7	1	1	113.91
7	1	3	98.09
7	1	5	110.61
7	1	7	108.68
7	1	9	113.55
7	1	11	146.53
7	1	13	173.20
7	1	15	152.05
7	1	17	239.93
7	1	19	363.98
7	1	21	207.60
7	1	23	237.38
7	2	1	152.67
7	2	3	136.95
7	2	5	429.49
7	2	7	412.40
7	2	9	425.50
7	2	11	461.59
7	2	13	202.25
7	2	15	168.73
7	2	17	267.09
7	2	19	339.49
7	2	21	177.80
7	2	23	151.96
7	3	1	113.82
7	3	3	127.28
7	3	5	194.98
7	3	7	147.26
7	3	9	174.98
7	3	11	214.79
7	3	13	162.13
7	3	15	184.97
7	3	17	154.62
7	3	19	233.34
7	3	21	159.93
7	3	23	118.36
7	4	1	93.83
7	4	3	117.15
7	4	5	161.87
7	4	7	243.21
7	4	9	240.72
7	4	11	211.69
7	4	13	180.34
7	4	15	221.04
7	4	17	183.83
7	4	19	197.97
7	4	21	203.22
7	4	23	182.49
7	5	1	79.73
7	5	3	88.00
7	5	5	134.16
7	5	7	290.77
7	5	9	314.40
7	5	11	317.10
7	5	13	181.47
7	5	15	118.94
7	5	17	149.67
7	5	19	153.27
7	5	21	120.77
7	5	23	142.71
7	6	1	126.60
7	6	3	141.95
7	6	5	178.60
7	6	7	300.04
7	6	9	322.72
7	6	11	262.63
7	6	13	299.85
7	6	15	184.31
7	6	17	164.80
7	6	19	197.96
7	6	21	156.61
7	6	23	192.94
7	7	1	99.49
7	7	3	83.47
7	7	5	187.23
7	7	7	312.96
7	7	9	292.95
7	7	11	270.21
7	7	13	205.06
7	7	15	213.86
7	7	17	305.78
7	7	19	249.85
7	7	21	93.73
7	7	23	110.45
7	8	1	77.21
7	8	3	90.33
7	8	5	106.56
7	8	7	101.35
7	8	9	114.49
7	8	11	161.59
7	8	13	138.47
7	8	15	117.16
7	8	17	129.15
7	8	19	138.58
7	8	21	95.01
7	8	23	105.96
7	9	1	117.93
7	9	3	95.87
7	9	5	140.86
7	9	7	301.22
7	9	9	213.86
7	9	11	498.78
7	9	13	384.86
7	9	15	300.84
7	9	17	365.96
7	9	19	444.94
7	9	21	319.38
7	9	23	353.51
7	10	1	163.63
7	10	3	100.55
7	10	5	432.17
7	10	7	516.87
7	10	9	245.65
7	10	11	400.27
7	10	13	245.79
7	10	15	225.05
7	10	17	170.99
7	10	19	269.72
7	10	21	209.18
7	10	23	129.71
7	11	1	128.06
7	11	3	94.69
7	11	5	448.90
7	11	7	438.89
7	11	9	438.21
7	11	11	450.37
7	11	13	220.35
7	11	15	141.68
7	11	17	235.16
7	11	19	346.04
7	11	21	148.23
7	11	23	101.54
7	12	1	96.21
7	12	3	104.70
7	12	5	157.60
7	12	7	209.98
7	12	9	206.91
7	12	11	178.84
7	12	13	143.26
7	12	15	137.09
7	12	17	115.07
7	12	19	105.10
7	12	21	90.57
7	12	23	86.97
7	13	1	94.79
7	13	3	94.76
7	13	5	179.09
7	13	7	204.84
7	13	9	220.38
7	13	11	229.85
7	13	13	137.98
7	13	15	204.15
7	13	17	191.26
7	13	19	220.53
7	13	21	113.58
7	13	23	139.96
7	14	1	99.35
7	14	3	166.62
7	14	5	581.76
7	14	7	465.10
7	14	9	750.24
7	14	11	360.97
7	14	13	232.30
7	14	15	244.66
7	14	17	117.81
7	14	19	103.68
7	14	21	139.40
7	14	23	159.91
7	15	1	156.00
7	15	3	168.76
7	15	5	169.26
7	15	7	219.04
7	15	9	184.25
7	15	11	253.51
7	15	13	300.62
7	15	15	271.26
7	15	17	281.10
7	15	19	278.14
7	15	21	207.41
7	15	23	246.05
7	16	1	103.34
7	16	3	94.18
7	16	5	162.80
7	16	7	160.36
7	16	9	155.87
7	16	11	256.06
7	16	13	161.20
7	16	15	189.51
7	16	17	191.28
7	16	19	369.76
7	16	21	247.02
7	16	23	248.95
7	17	1	158.16
7	17	3	163.16
7	17	5	387.39
7	17	7	324.43
7	17	9	416.45
7	17	11	338.14
7	17	13	180.00
7	17	15	189.56
7	17	17	240.07
7	17	19	250.62
7	17	21	182.43
7	17	23	214.09
7	18	1	101.63
7	18	3	86.08
7	18	5	115.46
7	18	7	175.17
7	18	9	299.20
7	18	11	269.58
7	18	13	240.17
7	18	15	227.58
7	18	17	250.35
7	18	19	221.02
7	18	21	198.73
7	18	23	154.65
7	19	1	81.30
7	19	3	128.85
7	19	5	253.71
7	19	7	198.91
7	19	9	294.82
7	19	11	152.65
7	19	13	113.46
7	19	15	125.70
7	19	17	142.62
7	19	19	118.98
7	19	21	158.24
7	19	23	178.72
7	20	1	94.20
7	20	3	98.36
7	20	5	110.60
7	20	7	111.98
7	20	9	220.25
7	20	11	254.38
7	20	13	117.39
7	20	15	157.30
7	20	17	155.25
7	20	19	208.11
7	20	21	190.53
7	20	23	180.69
7	21	1	99.82
7	21	3	96.54
7	21	5	117.24
7	21	7	110.91
7	21	9	116.29
7	21	11	114.84
7	21	13	103.30
7	21	15	114.85
7	21	17	128.63
7	21	19	124.71
7	21	21	112.24
7	21	23	116.75
7	22	1	128.46
7	22	3	119.51
7	22	5	399.96
7	22	7	392.70
7	22	9	448.20
7	22	11	312.87
7	22	13	173.13
7	22	15	163.29
7	22	17	165.57
7	22	19	302.69
7	22	21	165.06
7	22	23	144.73
7	23	1	97.47
7	23	3	94.42
7	23	5	105.32
7	23	7	114.05
7	23	9	104.99
7	23	11	141.91
7	23	13	122.62
7	23	15	117.52
7	23	17	115.57
7	23	19	177.72
7	23	21	104.59
7	23	23	96.17
7	24	1	100.30
7	24	3	110.44
7	24	5	129.40
7	24	7	109.72
7	24	9	138.19
7	24	11	199.53
7	24	13	153.50
7	24	15	266.52
7	24	17	200.72
7	24	19	181.07
7	24	21	199.04
7	24	23	257.45
8	0	1	139.47
8	0	3	106.35
8	0	5	177.37
8	0	7	322.74
8	0	9	280.89
8	0	11	331.99
8	0	13	296.92
8	0	15	209.98
8	0	17	194.15
8	0	19	195.56
8	0	21	188.07
8	0	23	156.23
8	1	1	102.85
8	1	3	214.24
8	1	5	325.96
8	1	7	177.74
8	1	9	270.13
8	1	11	152.03
8	1	13	160.40
8	1	15	147.26
8	1	17	121.91
8	1	19	94.11
8	1	21	119.69
8	1	23	153.33
8	2	1	87.78
8	2	3	129.27
8	2	5	205.41
8	2	7	195.34
8	2	9	225.07
8	2	11	201.86
8	2	13	207.62
8	2	15	175.39
8	2	17	215.10
8	2	19	168.80
8	2	21	235.35
8	2	23	186.76
8	3	1	94.49
8	3	3	161.93
8	3	5	226.24
8	3	7	195.86
8	3	9	274.10
8	3	11	264.49
8	3	13	211.13
8	3	15	196.47
8	3	17	132.11
8	3	19	130.07
8	3	21	141.51
8	3	23	167.02
8	4	1	125.54
8	4	3	102.22
8	4	5	104.31
8	4	7	170.66
8	4	9	205.40
8	4	11	268.84
8	4	13	254.07
8	4	15	254.69
8	4	17	214.34
8	4	19	265.46
8	4	21	219.37
8	4	23	169.84
8	5	1	102.44
8	5	3	98.56
8	5	5	170.30
8	5	7	211.21
8	5	9	277.34
8	5	11	377.25
8	5	13	155.57
8	5	15	131.09
8	5	17	175.53
8	5	19	208.66
8	5	21	138.69
8	5	23	149.13
8	6	1	147.51
8	6	3	140.47
8	6	5	485.82
8	6	7	662.58
8	6	9	509.56
8	6	11	602.16
8	6	13	407.42
8	6	15	305.67
8	6	17	291.73
8	6	19	285.31
8	6	21	216.77
8	6	23	232.28
8	7	1	155.39
8	7	3	103.20
8	7	5	94.23
8	7	7	200.82
8	7	9	254.51
8	7	11	368.60
8	7	13	260.98
8	7	15	200.18
8	7	17	194.08
8	7	19	198.85
8	7	21	149.56
8	7	23	113.00
8	8	1	161.40
8	8	3	115.85
8	8	5	118.28
8	8	7	205.22
8	8	9	422.74
8	8	11	516.92
8	8	13	332.11
8	8	15	277.24
8	8	17	145.59
8	8	19	219.09
8	8	21	165.69
8	8	23	125.02
8	9	1	102.87
8	9	3	100.10
8	9	5	185.60
8	9	7	216.52
8	9	9	215.79
8	9	11	276.67
8	9	13	255.01
8	9	15	200.99
8	9	17	152.93
8	9	19	231.77
8	9	21	172.42
8	9	23	159.90
8	10	1	100.64
8	10	3	88.24
8	10	5	159.37
8	10	7	245.44
8	10	9	379.34
8	10	11	284.40
8	10	13	300.73
8	10	15	202.65
8	10	17	198.03
8	10	19	390.60
8	10	21	429.22
8	10	23	238.65
8	11	1	152.18
8	11	3	115.00
8	11	5	521.75
8	11	7	490.46
8	11	9	477.71
8	11	11	515.44
8	11	13	310.60
8	11	15	207.77
8	11	17	221.39
8	11	19	214.25
8	11	21	165.82
8	11	23	174.13
8	12	1	93.44
8	12	3	99.93
8	12	5	141.15
8	12	7	137.55
8	12	9	189.48
8	12	11	218.40
8	12	13	184.86
8	12	15	197.99
8	12	17	192.38
8	12	19	306.80
8	12	21	247.26
8	12	23	331.60
8	13	1	152.44
8	13	3	107.01
8	13	5	243.78
8	13	7	291.27
8	13	9	464.21
8	13	11	362.10
8	13	13	194.29
8	13	15	188.42
8	13	17	219.74
8	13	19	238.42
8	13	21	180.29
8	13	23	228.61
8	14	1	109.17
8	14	3	112.62
8	14	5	181.27
8	14	7	205.49
8	14	9	220.01
8	14	11	264.92
8	14	13	188.58
8	14	15	262.34
8	14	17	270.44
8	14	19	301.23
8	14	21	189.03
8	14	23	197.32
8	15	1	106.57
8	15	3	232.01
8	15	5	562.34
8	15	7	462.38
8	15	9	523.29
8	15	11	411.42
8	15	13	246.93
8	15	15	326.95
8	15	17	289.49
8	15	19	302.31
8	15	21	274.62
8	15	23	166.89
8	16	1	92.53
8	16	3	90.81
8	16	5	161.78
8	16	7	248.23
8	16	9	361.97
8	16	11	314.15
8	16	13	234.19
8	16	15	352.71
8	16	17	249.60
8	16	19	157.44
8	16	21	154.28
8	16	23	135.40
8	17	1	109.55
8	17	3	93.45
8	17	5	157.83
8	17	7	154.35
8	17	9	142.16
8	17	11	212.34
8	17	13	163.01
8	17	15	228.04
8	17	17	200.33
8	17	19	244.73
8	17	21	183.48
8	17	23	176.21
8	18	1	101.33
8	18	3	98.45
8	18	5	304.42
8	18	7	344.13
8	18	9	457.16
8	18	11	416.95
8	18	13	266.95
8	18	15	324.85
8	18	17	216.87
8	18	19	277.70
8	18	21	328.36
8	18	23	285.87
8	19	1	114.39
8	19	3	101.33
8	19	5	138.41
8	19	7	234.87
8	19	9	246.04
8	19	11	334.62
8	19	13	222.95
8	19	15	169.62
8	19	17	197.54
8	19	19	319.41
8	19	21	202.33
8	19	23	160.98
8	20	1	93.12
8	20	3	93.93
8	20	5	180.23
8	20	7	172.85
8	20	9	215.86
8	20	11	297.71
8	20	13	241.26
8	20	15	227.04
8	20	17	235.10
8	20	19	284.86
8	20	21	243.51
8	20	23	360.84
8	21	1	190.34
8	21	3	89.75
8	21	5	288.53
8	21	7	387.57
8	21	9	491.42
8	21	11	373.41
8	21	13	258.83
8	21	15	270.81
8	21	17	319.22
8	21	19	294.91
8	21	21	146.40
8	21	23	137.15
8	22	1	91.89
8	22	3	90.23
8	22	5	184.47
8	22	7	243.92
8	22	9	212.02
8	22	11	256.19
8	22	13	190.51
8	22	15	242.66
8	22	17	198.47
8	22	19	217.56
8	22	21	148.18
8	22	23	152.46
8	23	1	94.84
8	23	3	96.60
8	23	5	146.44
8	23	7	269.95
8	23	9	263.12
8	23	11	370.91
8	23	13	272.17
8	23	15	182.84
8	23	17	210.98
8	23	19	244.20
8	23	21	191.75
8	23	23	189.93
8	24	1	118.58
8	24	3	116.35
8	24	5	101.87
8	24	7	183.78
8	24	9	177.80
8	24	11	262.85
8	24	13	117.08
8	24	15	130.62
8	24	17	195.96
8	24	19	233.42
8	24	21	190.15
8	24	23	237.19
9	0	1	126.80
9	0	3	99.77
9	0	5	252.52
9	0	7	301.69
9	0	9	324.38
9	0	11	326.84
9	0	13	343.85
9	0	15	339.71
9	0	17	373.78
9	0	19	259.57
9	0	21	282.29
9	0	23	253.22
9	1	1	78.71
9	1	3	117.98
9	1	5	268.27
9	1	7	255.24
9	1	9	316.27
9	1	11	238.55
9	1	13	160.45
9	1	15	176.24
9	1	17	202.49
9	1	19	144.34
9	1	21	153.92
9	1	23	161.89
9	2	1	106.36
9	2	3	132.74
9	2	5	183.75
9	2	7	265.59
9	2	9	257.74
9	2	11	428.53
9	2	13	412.31
9	2	15	378.68
9	2	17	282.73
9	2	19	361.24
9	2	21	240.24
9	2	23	270.93
9	3	1	98.52
9	3	3	135.06
9	3	5	135.85
9	3	7	170.33
9	3	9	133.76
9	3	11	142.83
9	3	13	127.76
9	3	15	101.52
9	3	17	154.36
9	3	19	159.55
9	3	21	155.23
9	3	23	185.82
9	4	1	88.96
9	4	3	89.75
9	4	5	111.08
9	4	7	186.18
9	4	9	277.86
9	4	11	442.66
9	4	13	226.95
9	4	15	133.92
9	4	17	174.57
9	4	19	225.44
9	4	21	197.55
9	4	23	199.36
9	5	1	86.49
9	5	3	135.22
9	5	5	163.80
9	5	7	221.11
9	5	9	283.76
9	5	11	275.20
9	5	13	178.58
9	5	15	298.50
9	5	17	187.29
9	5	19	163.58
9	5	21	144.65
9	5	23	239.24
9	6	1	93.74
9	6	3	96.18
9	6	5	146.87
9	6	7	148.65
9	6	9	101.64
9	6	11	140.57
9	6	13	161.45
9	6	15	186.24
9	6	17	216.80
9	6	19	329.23
9	6	21	227.03
9	6	23	243.50
9	7	1	101.98
9	7	3	91.88
9	7	5	141.65
9	7	7	182.07
9	7	9	196.70
9	7	11	337.73
9	7	13	294.00
9	7	15	229.71
9	7	17	217.59
9	7	19	248.76
9	7	21	165.03
9	7	23	157.10
9	8	1	100.04
9	8	3	90.77
9	8	5	116.43
9	8	7	153.55
9	8	9	214.14
9	8	11	204.24
9	8	13	171.00
9	8	15	223.80
9	8	17	160.67
9	8	19	202.43
9	8	21	208.39
9	8	23	173.80
9	9	1	87.21
9	9	3	94.93
9	9	5	119.75
9	9	7	285.33
9	9	9	292.05
9	9	11	301.93
9	9	13	240.80
9	9	15	251.40
9	9	17	299.02
9	9	19	358.92
9	9	21	374.07
9	9	23	278.99
9	10	1	113.98
9	10	3	117.75
9	10	5	273.37
9	10	7	524.69
9	10	9	402.87
9	10	11	470.51
9	10	13	296.18
9	10	15	203.67
9	10	17	188.83
9	10	19	286.35
9	10	21	174.30
9	10	23	207.07
9	11	1	90.05
9	11	3	83.06
9	11	5	113.88
9	11	7	113.39
9	11	9	116.21
9	11	11	129.18
9	11	13	146.36
9	11	15	168.31
9	11	17	160.60
9	11	19	128.87
9	11	21	120.24
9	11	23	120.95
9	12	1	95.81
9	12	3	99.93
9	12	5	161.25
9	12	7	183.38
9	12	9	252.38
9	12	11	327.33
9	12	13	219.40
9	12	15	154.79
9	12	17	196.37
9	12	19	283.85
9	12	21	134.57
9	12	23	144.20
9	13	1	84.38
9	13	3	116.11
9	13	5	252.72
9	13	7	311.85
9	13	9	375.13
9	13	11	273.06
9	13	13	241.69
9	13	15	199.22
9	13	17	148.09
9	13	19	148.95
9	13	21	143.34
9	13	23	149.09
9	14	1	106.38
9	14	3	86.63
9	14	5	126.61
9	14	7	214.50
9	14	9	222.73
9	14	11	282.47
9	14	13	184.14
9	14	15	268.92
9	14	17	219.67
9	14	19	277.42
9	14	21	202.49
9	14	23	140.13
9	15	1	111.12
9	15	3	106.85
9	15	5	109.20
9	15	7	167.31
9	15	9	222.97
9	15	11	216.33
9	15	13	223.75
9	15	15	268.18
9	15	17	225.48
9	15	19	229.11
9	15	21	187.25
9	15	23	233.39
9	16	1	86.98
9	16	3	82.84
9	16	5	115.00
9	16	7	181.49
9	16	9	223.50
9	16	11	235.81
9	16	13	210.02
9	16	15	180.58
9	16	17	234.53
9	16	19	286.72
9	16	21	188.63
9	16	23	179.96
9	17	1	178.48
9	17	3	142.66
9	17	5	461.71
9	17	7	617.57
9	17	9	482.29
9	17	11	476.66
9	17	13	256.75
9	17	15	351.15
9	17	17	272.70
9	17	19	325.52
9	17	21	266.98
9	17	23	233.62
9	18	1	110.82
9	18	3	179.20
9	18	5	205.66
9	18	7	231.69
9	18	9	129.64
9	18	11	111.66
9	18	13	143.32
9	18	15	271.93
9	18	17	203.76
9	18	19	124.44
9	18	21	88.07
9	18	23	254.46
9	19	1	152.15
9	19	3	131.15
9	19	5	160.76
9	19	7	128.11
9	19	9	169.12
9	19	11	202.41
9	19	13	237.19
9	19	15	230.57
9	19	17	212.96
9	19	19	212.43
9	19	21	194.60
9	19	23	205.92
9	20	1	85.55
9	20	3	127.34
9	20	5	480.81
9	20	7	398.32
9	20	9	495.48
9	20	11	314.35
9	20	13	200.60
9	20	15	208.52
9	20	17	152.31
9	20	19	127.78
9	20	21	184.77
9	20	23	211.47
9	21	1	95.15
9	21	3	82.09
9	21	5	212.25
9	21	7	238.04
9	21	9	255.93
9	21	11	201.32
9	21	13	191.84
9	21	15	147.98
9	21	17	145.53
9	21	19	172.65
9	21	21	137.21
9	21	23	126.28
9	22	1	143.08
9	22	3	139.88
9	22	5	245.34
9	22	7	287.65
9	22	9	248.53
9	22	11	259.81
9	22	13	230.31
9	22	15	225.72
9	22	17	198.38
9	22	19	293.01
9	22	21	204.24
9	22	23	280.44
9	23	1	99.77
9	23	3	92.98
9	23	5	235.86
9	23	7	414.92
9	23	9	292.30
9	23	11	304.30
9	23	13	286.82
9	23	15	260.94
9	23	17	150.46
9	23	19	166.83
9	23	21	219.26
9	23	23	156.28
9	24	1	125.96
9	24	3	99.74
9	24	5	133.89
9	24	7	170.89
9	24	9	168.93
9	24	11	250.51
9	24	13	257.76
9	24	15	176.81
9	24	17	161.07
9	24	19	122.96
9	24	21	140.20
9	24	23	281.67
10	0	1	121.00
10	0	3	122.20
10	0	5	394.09
10	0	7	438.22
10	0	9	327.65
10	0	11	373.61
10	0	13	282.35
10	0	15	247.04
10	0	17	240.82
10	0	19	208.55
10	0	21	269.32
10	0	23	230.11
10	1	1	96.18
10	1	3	97.53
10	1	5	186.52
10	1	7	170.02
10	1	9	205.27
10	1	11	205.13
10	1	13	147.84
10	1	15	159.45
10	1	17	135.04
10	1	19	164.75
10	1	21	173.29
10	1	23	144.69
10	2	1	102.51
10	2	3	94.00
10	2	5	272.30
10	2	7	251.23
10	2	9	194.96
10	2	11	250.38
10	2	13	185.34
10	2	15	254.15
10	2	17	355.13
10	2	19	207.19
10	2	21	203.86
10	2	23	221.75
10	3	1	119.84
10	3	3	96.69
10	3	5	198.89
10	3	7	320.28
10	3	9	206.17
10	3	11	245.35
10	3	13	156.39
10	3	15	165.85
10	3	17	164.71
10	3	19	201.68
10	3	21	139.84
10	3	23	128.19
10	4	1	149.73
10	4	3	100.63
10	4	5	387.63
10	4	7	384.26
10	4	9	498.92
10	4	11	409.64
10	4	13	301.19
10	4	15	253.02
10	4	17	172.22
10	4	19	227.50
10	4	21	199.22
10	4	23	251.59
10	5	1	93.64
10	5	3	107.96
10	5	5	168.30
10	5	7	178.60
10	5	9	154.08
10	5	11	208.91
10	5	13	159.13
10	5	15	112.56
10	5	17	135.74
10	5	19	139.66
10	5	21	171.22
10	5	23	141.60
10	6	1	99.55
10	6	3	91.49
10	6	5	93.12
10	6	7	100.30
10	6	9	164.55
10	6	11	244.89
10	6	13	188.57
10	6	15	180.29
10	6	17	127.09
10	6	19	214.13
10	6	21	172.62
10	6	23	197.23
10	7	1	139.91
10	7	3	137.74
10	7	5	528.85
10	7	7	537.05
10	7	9	611.62
10	7	11	703.85
10	7	13	385.58
10	7	15	285.69
10	7	17	200.08
10	7	19	278.09
10	7	21	221.85
10	7	23	225.10
10	8	1	100.44
10	8	3	126.17
10	8	5	118.33
10	8	7	135.37
10	8	9	113.84
10	8	11	182.62
10	8	13	259.49
10	8	15	208.69
10	8	17	206.66
10	8	19	169.87
10	8	21	182.48
10	8	23	255.76
10	9	1	91.73
10	9	3	94.04
10	9	5	105.63
10	9	7	141.87
10	9	9	158.85
10	9	11	203.55
10	9	13	174.07
10	9	15	157.83
10	9	17	154.18
10	9	19	185.69
10	9	21	101.49
10	9	23	174.08
10	10	1	91.46
10	10	3	113.42
10	10	5	139.38
10	10	7	187.44
10	10	9	185.78
10	10	11	120.57
10	10	13	120.61
10	10	15	199.78
10	10	17	146.80
10	10	19	133.89
10	10	21	164.32
10	10	23	173.85
10	11	1	92.98
10	11	3	85.80
10	11	5	130.68
10	11	7	187.97
10	11	9	213.47
10	11	11	267.02
10	11	13	145.33
10	11	15	139.62
10	11	17	112.81
10	11	19	145.81
10	11	21	88.61
10	11	23	121.20
10	12	1	88.98
10	12	3	117.82
10	12	5	290.05
10	12	7	338.11
10	12	9	244.03
10	12	11	233.06
10	12	13	155.55
10	12	15	167.93
10	12	17	147.55
10	12	19	251.56
10	12	21	171.10
10	12	23	137.15
10	13	1	96.29
10	13	3	191.12
10	13	5	517.57
10	13	7	416.67
10	13	9	509.03
10	13	11	375.93
10	13	13	285.47
10	13	15	266.82
10	13	17	197.54
10	13	19	165.09
10	13	21	162.92
10	13	23	108.46
10	14	1	101.33
10	14	3	139.57
10	14	5	484.23
10	14	7	536.01
10	14	9	474.23
10	14	11	425.13
10	14	13	164.32
10	14	15	178.51
10	14	17	119.31
10	14	19	149.53
10	14	21	130.22
10	14	23	188.47
10	15	1	116.10
10	15	3	129.44
10	15	5	190.48
10	15	7	135.84
10	15	9	174.56
10	15	11	279.97
10	15	13	158.44
10	15	15	199.36
10	15	17	128.70
10	15	19	150.02
10	15	21	111.61
10	15	23	127.09
10	16	1	89.63
10	16	3	105.93
10	16	5	164.93
10	16	7	153.35
10	16	9	204.20
10	16	11	240.13
10	16	13	164.25
10	16	15	194.06
10	16	17	169.33
10	16	19	142.70
10	16	21	258.91
10	16	23	353.57
10	17	1	83.89
10	17	3	115.67
10	17	5	235.71
10	17	7	335.16
10	17	9	498.25
10	17	11	435.92
10	17	13	207.22
10	17	15	152.51
10	17	17	158.62
10	17	19	132.11
10	17	21	116.51
10	17	23	160.67
10	18	1	82.62
10	18	3	152.41
10	18	5	239.16
10	18	7	323.48
10	18	9	425.44
10	18	11	349.84
10	18	13	279.32
10	18	15	392.68
10	18	17	208.60
10	18	19	131.94
10	18	21	165.49
10	18	23	265.49
10	19	1	87.93
10	19	3	94.08
10	19	5	125.62
10	19	7	201.15
10	19	9	148.33
10	19	11	222.92
10	19	13	170.99
10	19	15	109.53
10	19	17	105.00
10	19	19	127.15
10	19	21	134.72
10	19	23	131.94
10	20	1	79.58
10	20	3	121.82
10	20	5	222.71
10	20	7	238.43
10	20	9	330.97
10	20	11	313.13
10	20	13	257.69
10	20	15	375.01
10	20	17	245.91
10	20	19	178.26
10	20	21	242.76
10	20	23	286.17
10	21	1	170.44
10	21	3	152.57
10	21	5	262.80
10	21	7	321.60
10	21	9	295.98
10	21	11	346.59
10	21	13	250.96
10	21	15	156.96
10	21	17	201.29
10	21	19	295.84
10	21	21	222.91
10	21	23	184.84
10	22	1	147.29
10	22	3	129.75
10	22	5	245.51
10	22	7	370.73
10	22	9	321.73
10	22	11	420.58
10	22	13	332.98
10	22	15	274.14
10	22	17	228.76
10	22	19	144.02
10	22	21	237.24
10	22	23	185.41
10	23	1	144.38
10	23	3	106.99
10	23	5	464.67
10	23	7	450.24
10	23	9	395.24
10	23	11	346.49
10	23	13	238.09
10	23	15	230.48
10	23	17	244.16
10	23	19	260.54
10	23	21	176.31
10	23	23	170.57
10	24	1	146.70
10	24	3	116.19
10	24	5	310.54
10	24	7	412.60
10	24	9	251.98
10	24	11	385.12
10	24	13	219.18
10	24	15	234.15
10	24	17	197.49
10	24	19	247.61
10	24	21	166.77
10	24	23	300.40
11	0	1	104.12
11	0	3	112.93
11	0	5	211.95
11	0	7	268.27
11	0	9	200.30
11	0	11	182.87
11	0	13	149.51
11	0	15	172.86
11	0	17	125.82
11	0	19	135.51
11	0	21	155.60
11	0	23	147.28
11	1	1	107.13
11	1	3	106.91
11	1	5	146.69
11	1	7	206.25
11	1	9	210.57
11	1	11	289.88
11	1	13	196.90
11	1	15	242.68
11	1	17	265.67
11	1	19	159.94
11	1	21	225.15
11	1	23	196.90
11	2	1	117.82
11	2	3	95.36
11	2	5	218.05
11	2	7	227.96
11	2	9	176.13
11	2	11	179.54
11	2	13	152.75
11	2	15	239.16
11	2	17	237.50
11	2	19	356.90
11	2	21	370.89
11	2	23	299.87
11	3	1	101.17
11	3	3	128.55
11	3	5	362.23
11	3	7	485.73
11	3	9	412.58
11	3	11	460.55
11	3	13	265.97
11	3	15	309.10
11	3	17	216.24
11	3	19	182.40
11	3	21	229.07
11	3	23	174.62
11	4	1	118.18
11	4	3	132.40
11	4	5	109.91
11	4	7	169.47
11	4	9	262.00
11	4	11	247.99
11	4	13	275.91
11	4	15	208.36
11	4	17	301.10
11	4	19	260.53
11	4	21	202.62
11	4	23	209.38
11	5	1	89.93
11	5	3	101.66
11	5	5	207.42
11	5	7	175.20
11	5	9	145.56
11	5	11	255.02
11	5	13	177.90
11	5	15	200.51
11	5	17	102.77
11	5	19	116.00
11	5	21	92.96
11	5	23	88.66
11	6	1	119.15
11	6	3	100.86
11	6	5	120.66
11	6	7	113.92
11	6	9	149.26
11	6	11	208.65
11	6	13	159.40
11	6	15	212.09
11	6	17	241.32
11	6	19	243.93
11	6	21	231.50
11	6	23	148.00
11	7	1	82.91
11	7	3	89.07
11	7	5	96.04
11	7	7	134.26
11	7	9	310.58
11	7	11	592.48
11	7	13	452.39
11	7	15	541.22
11	7	17	320.38
11	7	19	281.85
11	7	21	291.00
11	7	23	312.25
11	8	1	91.18
11	8	3	104.69
11	8	5	204.56
11	8	7	253.42
11	8	9	404.18
11	8	11	299.11
11	8	13	139.33
11	8	15	226.84
11	8	17	118.17
11	8	19	117.94
11	8	21	124.52
11	8	23	129.92
11	9	1	117.65
11	9	3	87.74
11	9	5	182.05
11	9	7	199.03
11	9	9	196.02
11	9	11	224.81
11	9	13	145.24
11	9	15	154.22
11	9	17	176.90
11	9	19	206.84
11	9	21	153.10
11	9	23	221.83
11	10	1	104.36
11	10	3	94.57
11	10	5	121.43
11	10	7	182.35
11	10	9	152.63
11	10	11	184.08
11	10	13	150.32
11	10	15	281.23
11	10	17	241.28
11	10	19	344.27
11	10	21	290.28
11	10	23	208.03
11	11	1	100.72
11	11	3	125.60
11	11	5	208.70
11	11	7	163.33
11	11	9	164.17
11	11	11	277.88
11	11	13	286.00
11	11	15	215.38
11	11	17	186.61
11	11	19	294.48
11	11	21	237.73
11	11	23	213.87
11	12	1	105.01
11	12	3	109.58
11	12	5	225.31
11	12	7	289.29
11	12	9	255.32
11	12	11	278.07
11	12	13	192.02
11	12	15	255.45
11	12	17	225.43
11	12	19	200.33
11	12	21	182.96
11	12	23	129.64
11	13	1	187.13
11	13	3	159.68
11	13	5	115.84
11	13	7	89.95
11	13	9	120.30
11	13	11	149.20
11	13	13	150.81
11	13	15	130.03
11	13	17	157.41
11	13	19	227.25
11	13	21	208.80
11	13	23	283.71
11	14	1	195.89
11	14	3	171.16
